1.131552638683820167e+00
8.496496644343577431e-01
6.516159845819782803e-02
-4.834829593407012904e-01
-1.447297597901271882e+00
-1.105089905476055900e+00
7.817151400439926734e-01
6.222170348452246702e-02
1.396091131990276624e-01
-5.758320276877384458e-01
-7.458986777792365741e-01
-8.868559406831661995e-01
-1.173588297471193087e+00
3.618846525167391803e-01
-2.653925170671876388e-01
6.159575188052771599e-01
-9.230958336004710385e-02
1.130923578267212792e-01
1.013451201123600071e-01
3.173662144345211211e-01
4.879171704256938802e-01
5.545248037341571345e-01
-1.599022403964283912e-01
-5.493597251234380030e-01
-2.309995289451452216e-01
-5.489170301039233424e-01
4.835133156946531674e-01
3.850097127522761342e-01
4.026083508800615829e-01
9.479169244921885618e-01
1.541157034767490497e-01
-9.166528123410903894e-02
-5.703335600726001653e-01
4.280935719657745775e-01
-1.642427445715492484e-01
3.285349609488188993e-01
-1.737407683791021284e-01
-3.103348691480968258e-01
-4.323257222718241977e-01
7.167327093983597575e-01
-7.623005268764461162e-01
-8.377931760805470418e-01
1.023072021509307872e+00
1.783671002086216484e-02
1.097516590195634301e+00
3.674336819799348675e-01
-1.960946252652560728e+00
-7.237124158088112935e-01
-3.351751597653070402e-01
-6.268662753461675674e-01
-4.600744515324319273e-01
9.126315224038942242e-01
-5.395610771933028599e-02
2.828807264227848894e-01
3.919276794351794213e-01
-2.574257875117889199e-02
8.205495440806093166e-01
-9.637511159880456368e-01
2.370083556282121529e-01
5.282644830130871494e-01
2.065367870003440576e-01
-6.731748341490095822e-01
-5.738318542546688023e-02
-2.594003542719637290e-01
-3.385995927811467632e-01
-6.734136142347727505e-01
6.707640530587176686e-01
-3.502453770630565844e-01
1.451313902044440329e+00
-7.420845843650993867e-01
-3.011047759743880059e-01
9.151331755466938223e-01
2.400497865927841423e-01
6.802842806359997718e-01
3.885725171287085500e-01
-6.229558305486840863e-01
-5.548624870673254383e-01
9.954850779873909428e-01
-5.430442420834804551e-01
1.195869516657384057e+00
1.789004868190291198e-01
-3.019582632527087473e-01
3.375742336986022329e-01
-7.643810568205197109e-01
-6.211697419401894793e-01
3.203376096105868265e-01
2.120501103863183245e-01
-1.199315108608189073e-01
-2.654769928425453340e-01
-3.427624710356117627e-02
-3.004191932063269843e-01
-7.374350457709749618e-01
6.389440063317165519e-01
2.868869300661825439e-01
6.571209629773625549e-01
2.213019315030526069e-01
-9.148009747669809677e-01
4.174207832495573922e-01
-1.094474101885685835e+00
-5.033974555382800808e-01
